(0.0, 0.0) : 0.12415661092752198
(0.0, 0.5) : 0.002423383298859147
(0.5, 0.5) : 1.5739282287891555e-05
(0.5, 0.0) : 0.0003679841777957681
(1.0, 0.0) : 0.0024916234641218994
(1.0, 0.5) : 0.018464249428955387
(0.0, 1.0) : 0.0040648565716389345
(0.5, 1.0) : 1.0
(1.0, 1.0) : 0.3890001320431593
(1.0, 1.5) : 0.3281560398279795
(0.5, 1.5) : 0.042181850500336675
(0.0, 1.5) : 0.5117351233334775
(1.5, 0.5) : 0.004372235212549398
(1.5, 1.0) : 0.1738605323306156
(1.5, 1.5) : 0.5659314367506434
(1.5, 2.0) : 8.195356291726414
(2.0, 2.0) : 28.00503894183631
(2.0, 1.5) : 1.0353218432956617
(2.0, 1.0) : 0.08534061709336967
(2.0, 0.5) : 0.1956398343517063
(2.5, 0.5) : 0.9200662401160328
(2.5, 1.0) : 0.20970464013232284
(2.5, 1.5) : 0.24515865846570373
(2.5, 2.0) : 9.514631215169421
(3.0, 2.0) : 24.121930414507872
(3.0, 1.5) : 1.7186042419126646
(3.0, 1.0) : 0.3985680781783772
(3.0, 0.5) : 8.367834177171662
