((0.0, 0.5), (0.5, 1.0)) : (0.05308297280740166, 0.10616594561480332)
((0.5, 0.5), (0.5, 1.0)) : (0.05308297280740166, 0.10616594561480332)
((0.5, 0.0), (0.5, 1.0)) : (0.5, 6.770617755336161e-08)
((1.0, 0.0), (0.5, 1.0)) : (0.5, 6.770617755336161e-08)
((1.0, 0.5), (0.5, 1.0)) : (0.5, 6.770617755336161e-08)
((0.0, 1.0), (0.5, 1.0)) : (0.5, 6.770617755336161e-08)
((0.5, 1.0), (1.0, 1.0)) : (0.5, 6.770617755336161e-08)
((0.5, 1.0), (1.0, 1.5)) : (1.1961568067622088, 1.6961568067622088)
((0.5, 1.0), (0.5, 1.5)) : (0.5, 6.770617755336161e-08)
((0.5, 1.0), (0.0, 1.5)) : (-0.11906358177343523, 1.6190635817734353)
((0.5, 1.0), (1.5, 0.5)) : (0.5, 6.770617755336161e-08)
((0.5, 1.0), (1.5, 1.0)) : (1.4848862576488575, 1.0)
((0.5, 1.0), (1.5, 1.5)) : (1.271888643558941, 1.3859443217794705)
((0.5, 1.0), (1.5, 2.0)) : (0.5, 6.770617755336161e-08)
((0.5, 1.0), (2.0, 2.0)) : (0.5, 6.770617755336161e-08)
((0.5, 1.0), (2.0, 1.5)) : (1.2284326042384621, 1.2428108680794874)
((0.5, 1.0), (2.0, 1.0)) : (0.5, 6.770617755336161e-08)
((0.5, 1.0), (2.0, 0.5)) : (0.5, 6.770617755336161e-08)
((0.5, 1.0), (2.5, 0.5)) : (0.5, 6.770617755336161e-08)
((0.5, 1.0), (2.5, 1.0)) : (0.5, 6.770617755336161e-08)
((0.5, 1.0), (2.5, 1.5)) : (0.5, 6.770617755336161e-08)
((0.5, 1.0), (2.5, 2.0)) : (0.5, 6.770617755336161e-08)
((0.5, 1.0), (3.0, 2.0)) : (0.5, 6.770617755336161e-08)
((0.5, 1.0), (3.0, 1.5)) : (1.3743075883999607, 1.1748615176799921)
((0.5, 1.0), (3.0, 1.0)) : (0.5, 6.770617755336161e-08)
((0.5, 1.0), (3.0, 0.5)) : (0.5, 6.770617755336161e-08)
((1.0, 1.0), (1.0, 1.5)) : (1.2876309038580704, 1.4329165303119984)
((1.0, 1.0), (1.5, 1.0)) : (1.4279899378380838, 0.8550665160725337)
((1.0, 1.0), (1.5, 1.5)) : (1.4415173659143312, 0.9399525783614275)
((1.0, 1.0), (2.0, 1.5)) : (1.3619009850314663, 0.6894557449591194)
((1.0, 1.0), (3.0, 1.5)) : (1.4221765907945296, 0.8268011259364451)
((1.0, 1.5), (1.5, 1.5)) : (0.845342936604681, 1.339422508054946)
((1.0, 1.5), (2.0, 1.5)) : (0.9943312123335539, 1.2801161941111476)
((1.0, 1.5), (3.0, 1.5)) : (1.271834000050276, 1.3186480663509652)
((0.5, 1.5), (0.0, 1.5)) : (0.5100935279414966, 1.5)
((1.5, 1.0), (1.5, 1.5)) : (1.5, 0.9599490935996375)
((1.5, 1.0), (3.0, 1.5)) : (1.3729880833146244, 0.9576626944382081)
((1.5, 1.5), (2.0, 1.5)) : (1.5, 0.9599490935996375)
((1.5, 1.5), (2.5, 0.5)) : (1.6907224534369716, 0.9676656024986221)
((1.5, 1.5), (3.0, 1.5)) : (1.3515207036175876, 0.9543152537785714)
((1.5, 2.0), (3.0, 0.5)) : (1.7738693219495945, 1.7261306780504055)
((2.0, 1.5), (2.0, 0.5)) : (2.0, 0.4831918127900181)
((2.0, 1.5), (2.5, 0.5)) : (2.295073886600775, 0.9098522267984505)
((2.0, 1.5), (3.0, 1.5)) : (1.5591453894424612, 1.5)
((2.0, 1.5), (3.0, 1.0)) : (2.8652139225049287, 1.0673930387475357)
((2.5, 0.5), (2.5, 1.5)) : (2.5, 1.393209559190275)
((2.5, 0.5), (3.0, 1.5)) : (2.32858426917621, 0.15716853835241973)
((2.5, 0.5), (3.0, 1.0)) : (3.093832686629224, 1.093832686629224)
((2.5, 1.0), (3.0, 1.0)) : (2.7316005207975502, 1.2599772604744406)
((2.5, 2.0), (3.0, 0.5)) : (4.80075583440342, -4.9022675032102585)
((1.0, 1.0), (0.0, 1.5)) : (-0.11906358177343523, 1.6190635817734353)
((1.0, 1.5), (0.5, 1.5)) : (1.0, 1.293634716254013)
((1.0, 1.5), (0.0, 1.5)) : (1.0, 1.293634716254013)
((1.0, 1.5), (1.5, 0.5)) : (1.0, 1.293634716254013)
((1.0, 1.5), (1.5, 1.0)) : (1.3131200782945087, 1.205149659189531)
((1.0, 1.5), (1.5, 2.0)) : (1.0, 1.293634716254013)
((1.0, 1.5), (2.0, 2.0)) : (1.0, 1.293634716254013)
((1.0, 1.5), (2.0, 1.0)) : (1.0, 1.293634716254013)
((1.0, 1.5), (2.0, 0.5)) : (1.0, 1.293634716254013)
((1.0, 1.5), (2.5, 0.5)) : (1.0, 1.293634716254013)
((1.0, 1.5), (2.5, 1.0)) : (1.0, 1.293634716254013)
((1.0, 1.5), (2.5, 1.5)) : (1.0, 1.293634716254013)
((1.0, 1.5), (2.5, 2.0)) : (1.0, 1.293634716254013)
((1.0, 1.5), (3.0, 2.0)) : (1.0, 1.293634716254013)
((1.0, 1.5), (3.0, 1.0)) : (1.0, 1.293634716254013)
((1.0, 1.5), (3.0, 0.5)) : (1.0, 1.293634716254013)
((0.5, 1.5), (1.5, 1.0)) : (1.3710936180273103, 1.0)
((0.5, 1.5), (1.5, 1.5)) : (1.037407995372935, 1.5)
((0.5, 1.5), (2.0, 1.5)) : (1.0178975336352278, 1.5)
((0.5, 1.5), (3.0, 1.5)) : (1.2885214615388445, 1.5)
((0.0, 1.5), (1.5, 0.5)) : (0.5100935279414966, 1.5)
((0.0, 1.5), (1.5, 1.0)) : (0.5100935279414966, 1.5)
((0.0, 1.5), (1.5, 1.5)) : (0.5100935279414966, 1.5)
((0.0, 1.5), (1.5, 2.0)) : (0.5100935279414966, 1.5)
((0.0, 1.5), (2.0, 2.0)) : (0.5100935279414966, 1.5)
((0.0, 1.5), (2.0, 1.5)) : (0.5100935279414966, 1.5)
((0.0, 1.5), (2.0, 1.0)) : (0.5100935279414966, 1.5)
((0.0, 1.5), (2.0, 0.5)) : (0.5100935279414966, 1.5)
((0.0, 1.5), (2.5, 0.5)) : (0.5100935279414966, 1.5)
((0.0, 1.5), (2.5, 1.0)) : (0.5100935279414966, 1.5)
((0.0, 1.5), (2.5, 1.5)) : (0.5100935279414966, 1.5)
((0.0, 1.5), (2.5, 2.0)) : (0.5100935279414966, 1.5)
((0.0, 1.5), (3.0, 2.0)) : (0.5100935279414966, 1.5)
((0.0, 1.5), (3.0, 1.5)) : (0.5100935279414966, 1.5)
((0.0, 1.5), (3.0, 1.0)) : (0.5100935279414966, 1.5)
((0.0, 1.5), (3.0, 0.5)) : (0.5100935279414966, 1.5)
((1.5, 0.5), (1.5, 1.0)) : (1.3710936180273103, 1.0)
((1.5, 0.5), (1.5, 1.5)) : (1.037407995372935, 1.5)
((1.5, 0.5), (2.0, 1.5)) : (1.0178975336352278, 1.5)
((1.5, 0.5), (3.0, 1.5)) : (1.2885214615388445, 1.5)
((1.5, 1.0), (1.5, 2.0)) : (1.3710936180273103, 1.0)
((1.5, 1.0), (2.0, 2.0)) : (1.3710936180273103, 1.0)
((1.5, 1.0), (2.0, 1.5)) : (1.0178975336352278, 1.5)
((1.5, 1.0), (2.0, 1.0)) : (1.3710936180273103, 1.0)
((1.5, 1.0), (2.0, 0.5)) : (1.3710936180273103, 1.0)
((1.5, 1.0), (2.5, 0.5)) : (1.3710936180273103, 1.0)
((1.5, 1.0), (2.5, 1.0)) : (1.3710936180273103, 1.0)
((1.5, 1.0), (2.5, 1.5)) : (1.3710936180273103, 1.0)
((1.5, 1.0), (2.5, 2.0)) : (1.3710936180273103, 1.0)
((1.5, 1.0), (3.0, 2.0)) : (1.3710936180273103, 1.0)
((1.5, 1.0), (3.0, 1.0)) : (1.3710936180273103, 1.0)
((1.5, 1.0), (3.0, 0.5)) : (1.3710936180273103, 1.0)
((1.5, 1.5), (1.5, 2.0)) : (1.5, 0.9599490935996375)
((1.5, 1.5), (2.0, 2.0)) : (1.5, 0.9599490935996375)
((1.5, 1.5), (2.0, 1.0)) : (1.5, 0.9599490935996375)
((1.5, 1.5), (2.0, 0.5)) : (1.5, 0.9599490935996375)
((1.5, 1.5), (2.5, 1.0)) : (1.5, 0.9599490935996375)
((1.5, 1.5), (2.5, 1.5)) : (1.5, 0.9599490935996375)
((1.5, 1.5), (2.5, 2.0)) : (1.5, 0.9599490935996375)
((1.5, 1.5), (3.0, 2.0)) : (1.5, 0.9599490935996375)
((1.5, 1.5), (3.0, 1.0)) : (1.5, 0.9599490935996375)
((1.5, 1.5), (3.0, 0.5)) : (1.5, 0.9599490935996375)
((1.5, 2.0), (2.0, 1.5)) : (0.9983870718975207, 1.5)
((1.5, 2.0), (3.0, 1.5)) : (1.3722259502608145, 1.5)
((2.0, 2.0), (2.0, 1.5)) : (0.9983870718975207, 1.5)
((2.0, 2.0), (3.0, 1.5)) : (1.3722259502608145, 1.5)
((2.0, 1.5), (2.0, 1.0)) : (0.9983870718975207, 1.5)
((2.0, 1.5), (2.5, 1.0)) : (0.9983870718975207, 1.5)
((2.0, 1.5), (2.5, 1.5)) : (0.9983870718975207, 1.5)
((2.0, 1.5), (2.5, 2.0)) : (0.9983870718975207, 1.5)
((2.0, 1.5), (3.0, 2.0)) : (0.9983870718975207, 1.5)
((2.0, 1.5), (3.0, 0.5)) : (1.7738693219495945, 1.7261306780504055)
((2.0, 1.0), (3.0, 1.5)) : (1.5591453894424612, 1.5)
((2.0, 0.5), (3.0, 1.5)) : (1.6821144605541307, 0.5232107733166609)
((2.5, 1.0), (3.0, 1.5)) : (2.32858426917621, 0.15716853835241973)
((2.5, 1.5), (3.0, 1.5)) : (2.5, 1.393209559190275)
((2.5, 2.0), (3.0, 1.5)) : (2.32858426917621, 0.15716853835241973)
((3.0, 2.0), (3.0, 1.5)) : (2.32858426917621, 0.15716853835241973)
((3.0, 1.5), (3.0, 1.0)) : (2.6351195231502222, 1.0)
((3.0, 1.5), (3.0, 0.5)) : (4.80075583440342, -4.9022675032102585)
((1.5, 2.0), (2.5, 0.5)) : (1.8684391262253486, 1.1315608737746514)
((2.0, 2.0), (2.5, 0.5)) : (1.8684391262253486, 1.1315608737746514)
((2.0, 1.0), (2.5, 0.5)) : (2.295073886600775, 0.9098522267984505)
((2.0, 0.5), (2.5, 0.5)) : (1.6932739091552906, 0.5181196198052358)
((2.5, 0.5), (2.5, 1.0)) : (2.295073886600775, 0.9098522267984505)
((2.5, 0.5), (2.5, 2.0)) : (2.295073886600775, 0.9098522267984505)
((2.5, 0.5), (3.0, 2.0)) : (2.295073886600775, 0.9098522267984505)
((2.5, 0.5), (3.0, 0.5)) : (2.295073886600775, 0.9098522267984505)
((2.0, 2.0), (3.0, 0.5)) : (1.7738693219495945, 1.7261306780504055)
((2.0, 1.0), (3.0, 0.5)) : (1.7738693219495945, 1.7261306780504055)
((2.0, 0.5), (3.0, 0.5)) : (2.0, 0.4831918127900181)
((2.5, 1.0), (3.0, 0.5)) : (1.7738693219495945, 1.7261306780504055)
((2.5, 1.5), (3.0, 0.5)) : (2.5, 1.393209559190275)
((3.0, 2.0), (3.0, 0.5)) : (4.80075583440342, -4.9022675032102585)
((3.0, 1.0), (3.0, 0.5)) : (4.80075583440342, -4.9022675032102585)
((2.0, 1.0), (2.0, 0.5)) : (2.0, 0.4831918127900181)
((2.0, 1.0), (3.0, 1.0)) : (2.8652139225049287, 1.0673930387475357)
((2.0, 0.5), (2.5, 1.0)) : (2.0, 0.4831918127900181)
((2.0, 0.5), (2.5, 1.5)) : (2.0, 0.4831918127900181)
((2.0, 0.5), (2.5, 2.0)) : (2.0, 0.4831918127900181)
((2.0, 0.5), (3.0, 2.0)) : (2.0, 0.4831918127900181)
((2.0, 0.5), (3.0, 1.0)) : (2.0, 0.4831918127900181)
((2.5, 1.5), (3.0, 1.0)) : (2.6351195231502222, 1.0)
((2.5, 2.0), (3.0, 1.0)) : (2.6351195231502222, 1.0)
((3.0, 2.0), (3.0, 1.0)) : (2.6351195231502222, 1.0)
((2.5, 1.0), (2.5, 1.5)) : (2.5, 1.393209559190275)
((2.5, 1.5), (2.5, 2.0)) : (2.5, 1.393209559190275)
((2.5, 1.5), (3.0, 2.0)) : (2.5, 1.393209559190275)
